  3 28 28 37.53 41.29 42.85 21096 0.00 0.00 0.00     0 36.89 41.09 42.57 10538  2320 1.290
  3 28 28 37.53 41.29 42.85 21096 0.00 0.00 0.00     0 36.89 41.09 42.57 10538  2320 1.280
  3 28 28 37.64 41.57 43.23 21392 0.00 0.00 0.00     0 37.17 41.32 42.98 10960  2560 0.707
  3 28 28 37.64 41.57 43.23 21392 0.00 0.00 0.00     0 37.17 41.32 42.98 10960  2560 0.712
  3 28 28 37.64 41.57 43.23 21392 0.00 0.00 0.00     0 37.17 41.32 42.98 10960  2560 0.706
  3 28 28 37.64 41.57 43.23 21392 0.00 0.00 0.00     0 37.17 41.32 42.98 10960  2560 0.702
  3 28 28 37.50 41.45 43.16 62352 0.00 0.00 0.00     0 37.50 41.45 43.16 34706     0 0.643
  3 28 28 37.50 41.45 43.16 62352 0.00 0.00 0.00     0 37.50 41.45 43.16 34706     0 0.642
  3 28 28 37.50 41.45 43.16 62352 0.00 0.00 0.00     0 37.50 41.45 43.16 34706     0 0.655
  3 28 28 37.50 41.45 43.16 62352 0.00 0.00 0.00     0 37.50 41.45 43.16 34706     0 0.654
  3 28 28 37.50 41.45 43.16 62352 0.00 0.00 0.00     0 37.50 41.45 43.16 34706     0 0.650
  3 28 28 37.50 41.45 43.16 62352 0.00 0.00 0.00     0 37.50 41.45 43.16 34706     0 0.654
  3 28 28 37.50 41.45 43.16 62352 0.00 0.00 0.00     0 37.50 41.45 43.16 34706     0 0.658
  3 28 28 37.70 42.51 44.27 67136 0.00 0.00 0.00     0 37.70 42.51 44.27 37306     0 0.614
  3 28 28 37.56 41.45 43.16 64360 0.00 0.00 0.00     0 37.56 41.45 43.16 35816     0 0.504
  3 28 28 37.50 41.45 43.16 62352 0.00 0.00 0.00     0 37.50 41.45 43.16 34706     0 0.651
  3 28 28 41.96 44.58 44.53 200288 0.00 0.00 0.00     0 41.96 44.58 44.53 112242     0 3.669
 20 28 28 46.18 45.08 46.68 560576 0.00 0.00 0.00     0 46.18 45.08 46.68 55914     0 2.766
 20 28 28 46.06 45.08 46.68 602896 0.00 0.00 0.00     0 46.06 45.08 46.68 60135     0 2.263
 20 28 28 46.06 45.08 46.68 602896 0.00 0.00 0.00     0 46.06 45.08 46.68 60135     0 2.260
 20 28 28 103.01 45.08 46.68 159144 0.00 0.00 0.00     0 103.01 45.08 46.68 15756     0 0.754
 20 28 28 46.06 45.08 46.68 602896 0.00 0.00 0.00     0 46.06 45.08 46.68 60135     0 2.258
 20 28 28 103.01 45.08 46.68 643048 0.00 0.00 0.00     0 103.01 45.08 46.68 64139     0 1.659
 20 28 28 46.06 45.08 46.68 602896 0.00 0.00 0.00     0 46.06 45.08 46.68 60135     0 2.258
 20 28 28 46.10 45.08 46.68 629624 0.00 0.00 0.00     0 46.10 45.08 46.68 62810     0 1.853
 20 28 28 103.01 96.98 96.98 73761928 0.00 0.00 0.00     0 103.01 96.98 96.98 7197853     0 6.765
 20 28 28 46.10 45.08 46.68 629624 0.00 0.00 0.00     0 46.10 45.08 46.68 62810     0 1.837
 20 28 28 46.06 45.08 46.68 602896 0.00 0.00 0.00     0 46.06 45.08 46.68 60135     0 2.258
 20 28 28 46.06 45.08 46.68 602896 0.00 0.00 0.00     0 46.06 45.08 46.68 60135     0 2.261
 20 48 28 36.24 39.33 42.42 54704 0.00 0.00 0.00     0 36.24 39.33 42.42  5435     0 1.792
 20 28 28 46.10 45.08 46.68 634040 0.00 0.00 0.00     0 46.10 45.08 46.68 63248     0 1.750
 20 28 28 103.01 45.08 46.68 159144 0.00 0.00 0.00     0 103.01 45.08 46.68 15756     0 0.754
 20 28 28 46.07 45.08 46.68 613352 0.00 0.00 0.00     0 46.07 45.08 46.68 61180     0 2.004
 20 28 28 46.08 45.08 46.68 623928 0.00 0.00 0.00     0 46.08 45.08 46.68 62238     0 1.940
 20 28 28 46.06 45.08 46.68 602896 0.00 0.00 0.00     0 46.06 45.08 46.68 60135     0 2.437
 20 28 28 46.06 45.08 46.68 602896 0.00 0.00 0.00     0 46.06 45.08 46.68 60135     0 3.269
  3 28 28 37.56 41.45 43.16 64344 0.00 0.00 0.00     0 37.56 41.45 43.16 35805     0 1.693
  3 28 28 37.56 41.45 43.16 64344 0.00 0.00 0.00     0 37.56 41.45 43.16 35805     0 0.785
  3 28 28 37.56 41.45 43.16 74096 0.00 0.00 0.00     0 37.56 41.45 43.16 41256     0 0.683
  3 28 28 37.56 41.45 43.16 74096 0.00 0.00 0.00     0 37.56 41.45 43.16 41256     0 0.694
  3 28 28 37.56 41.45 43.16 75104 0.00 0.00 0.00     0 37.56 41.45 43.16 41816     0 0.388
  3 28 28 37.56 41.45 43.16 75104 0.00 0.00 0.00     0 37.56 41.45 43.16 41816     0 0.389
  3 28 28 37.56 41.45 43.16 75104 0.00 0.00 0.00     0 37.56 41.45 43.16 41816     0 0.386
  3 28 28 37.57 41.45 43.16 72872 0.00 0.00 0.00     0 37.57 41.45 43.16 40504     0 0.403
  3 28 28 37.57 41.45 43.16 72872 0.00 0.00 0.00     0 37.57 41.45 43.16 40504     0 0.422
  3 28 28 37.57 41.45 43.16 72872 0.00 0.00 0.00     0 37.57 41.45 43.16 40504     0 0.400
  3 28 28 37.57 41.45 43.16 72872 0.00 0.00 0.00     0 37.57 41.45 43.16 40504     0 0.402
  3 28 28 37.57 41.45 43.16 72872 0.00 0.00 0.00     0 37.57 41.45 43.16 40504     0 0.405
  3 28 28 37.57 41.45 43.16 72872 0.00 0.00 0.00     0 37.57 41.45 43.16 40504     0 0.400
  3 28 28 37.57 41.45 43.16 72872 0.00 0.00 0.00     0 37.57 41.45 43.16 40504     0 92.965
  3 28 28 37.57 41.45 43.16 72872 0.00 0.00 0.00     0 37.57 41.45 43.16 40504     0 19.907
  3 28 28 37.57 41.45 43.16 72872 0.00 0.00 0.00     0 37.57 41.45 43.16 40504     0 1.313
  3 28 28 37.57 41.45 43.16 72872 0.00 0.00 0.00     0 37.57 41.45 43.16 40504     0 0.868
  3 28 28 37.57 41.45 43.16 72872 0.00 0.00 0.00     0 37.57 41.45 43.16 40504     0 1.682
  3 28 28 37.57 41.45 43.16 72872 0.00 0.00 0.00     0 37.57 41.45 43.16 40504     0 0.422
  3 28 28 37.57 41.45 43.16 72872 0.00 0.00 0.00     0 37.57 41.45 43.16 40504     0 0.421
  3 28 28 37.57 41.45 43.16 72872 0.00 0.00 0.00     0 37.57 41.45 43.16 40504     0 17.909
  3 28 28 37.57 41.45 43.16 72872 0.00 0.00 0.00     0 37.57 41.45 43.16 40504     0 0.424
  3 28 28 37.57 41.45 43.16 72872 0.00 0.00 0.00     0 37.57 41.45 43.16 40504     0 0.396
  3 28 28 37.57 41.45 43.16 72872 0.00 0.00 0.00     0 37.57 41.45 43.16 40504     0 0.393
  3 28 28 37.57 41.45 43.16 72872 0.00 0.00 0.00     0 37.57 41.45 43.16 40504     0 0.397
  3 28 28 37.57 41.45 43.16 72872 0.00 0.00 0.00     0 37.57 41.45 43.16 40504     0 0.395
  3 28 28 37.57 41.45 43.16 72872 0.00 0.00 0.00     0 37.57 41.45 43.16 40504     0 0.397
  3 28 28 37.57 41.45 43.16 72872 0.00 0.00 0.00     0 37.57 41.45 43.16 40504     0 0.395
  3 28 28 37.57 41.45 43.16 72872 0.00 0.00 0.00     0 37.57 41.45 43.16 40504     0 0.395
  3 28 28 37.57 41.45 43.16 72872 0.00 0.00 0.00     0 37.57 41.45 43.16 40504     0 0.397
  3 28 28 37.57 41.45 43.16 72872 0.00 0.00 0.00     0 37.57 41.45 43.16 40504     0 0.393
  3 22 28 42.01 44.52 46.33 127896 0.00 0.00 0.00     0 42.01 44.52 46.33 71178     0 0.532
  3 32 28 34.63 40.15 41.63 48648 0.00 0.00 0.00     0 34.63 40.15 41.63 27053     0 0.317
  3 38 28 30.35 38.36 39.19 26312 0.00 0.00 0.00     0 30.35 38.36 39.19 14685     0 0.242
  5 22 28 43.73 45.82 46.87 387280 0.00 0.00 0.00     0 43.73 45.82 46.87 137160     0 2.670
  5 28 28 42.15 43.58 44.79 104552 0.00 0.00 0.00     0 42.15 43.58 44.79 36926     0 1.674
  5 32 28 41.35 42.66 43.98 45216 0.00 0.00 0.00     0 41.35 42.66 43.98 15771     0 1.787
  5 38 28 40.36 41.24 42.74 16600 0.00 0.00 0.00     0 40.36 41.24 42.74  5785     0 1.784
  5 38 28 40.36 41.24 42.74 16600 0.00 0.00 0.00     0 40.36 41.24 42.74  5785     0 1.776
  5 22 28 47.18 46.65 47.74 636136 0.00 0.00 0.00     0 47.18 46.65 47.74 229308     0 3.071
  5 28 28 43.78 43.39 44.69 314384 0.00 0.00 0.00     0 43.78 43.39 44.69 113196     0 2.444
  5 32 28 41.36 42.02 43.11 199952 0.00 0.00 0.00     0 41.36 42.02 43.11 72036     0 2.157
  5 38 28 37.74 39.79 39.65 102480 0.00 0.00 0.00     0 37.74 39.79 39.65 36830     0 1.950
  5 38 28 37.74 39.79 39.65 102480 0.00 0.00 0.00     0 37.74 39.79 39.65 36830     0 1.948
  3 22 28 44.22 46.34 46.35 669952 0.00 0.00 0.00     0 44.22 46.34 46.35 373746     0 4.107
  3 28 28 40.89 43.73 43.98 334864 0.00 0.00 0.00     0 40.89 43.73 43.98 187141     0 3.019
  3 32 28 38.60 42.46 42.97 210480 0.00 0.00 0.00     0 38.60 42.46 42.97 117805     0 2.579
  3 38 28 35.10 40.30 41.18 107272 0.00 0.00 0.00     0 35.10 40.30 41.18 59736     0 2.202
  3 28 28 40.89 43.73 43.98 334864 0.00 0.00 0.00     0 40.89 43.73 43.98 187141     0 3.149
  3 28 28 37.57 41.45 43.16 72872 0.00 0.00 0.00     0 37.57 41.45 43.16 40504     0 0.480
  3 28 28 37.57 41.45 43.16 72872 0.00 0.00 0.00     0 37.57 41.45 43.16 40504     0 0.392
  3 28 28 37.56 41.45 43.16 64344 0.00 0.00 0.00     0 37.56 41.45 43.16 35805     0 0.476
  3 28 28 37.52 41.45 43.16 64064 0.00 0.00 0.00     0 37.52 41.45 43.16 35672     0 0.508
  3 28 28 37.56 41.45 43.16 64344 0.00 0.00 0.00     0 37.56 41.45 43.16 35805     0 0.489
  3 28 28 37.52 41.45 43.16 64064 0.00 0.00 0.00     0 37.52 41.45 43.16 35672     0 0.512
  3 28 28 37.52 41.45 43.16 64064 0.00 0.00 0.00     0 37.52 41.45 43.16 35672     0 0.510
  3 28 28 37.54 41.45 43.16 63824 0.00 0.00 0.00     0 37.54 41.45 43.16 35549     0 0.521
  3 28 28 37.54 41.45 43.16 63824 0.00 0.00 0.00     0 37.54 41.45 43.16 35549     0 0.527
  3 28 28 37.54 41.45 43.16 63824 0.00 0.00 0.00     0 37.54 41.45 43.16 35549     0 0.523
  3 28 28 37.56 41.45 43.16 64104 0.00 0.00 0.00     0 37.56 41.45 43.16 35696     0 0.528
  3 28 28 37.55 41.45 43.16 64016 0.00 0.00 0.00     0 37.55 41.45 43.16 35605     0 0.534
  3 28 28 37.55 41.45 43.16 64016 0.00 0.00 0.00     0 37.55 41.45 43.16 35605     0 0.547
  3 28 28 37.55 41.45 43.16 64016 0.00 0.00 0.00     0 37.55 41.45 43.16 35605     0 0.540
  3 28 28 37.55 41.45 43.16 64016 0.00 0.00 0.00     0 37.55 41.45 43.16 35605     0 0.538
  3 28 28 37.55 41.45 43.16 64016 0.00 0.00 0.00     0 37.55 41.45 43.16 35605     0 0.537
  3 28 28 37.54 41.45 43.16 63824 0.00 0.00 0.00     0 37.54 41.45 43.16 35549     0 0.528
  3 28 28 37.56 41.45 43.16 64008 0.00 0.00 0.00     0 37.56 41.45 43.16 35661     0 0.527
  3 28 28 37.54 41.45 43.16 63944 0.00 0.00 0.00     0 37.54 41.45 43.16 35618     0 0.523
  3 28 28 37.54 41.45 43.16 64168 0.00 0.00 0.00     0 37.54 41.45 43.16 35725     0 0.527
  3 28 28 37.55 41.45 43.16 64016 0.00 0.00 0.00     0 37.55 41.45 43.16 35605     0 0.535
  3 28 28 37.54 41.45 43.16 64168 0.00 0.00 0.00     0 37.54 41.45 43.16 35725     0 0.522
  3 28 28 37.54 41.45 43.16 63944 0.00 0.00 0.00     0 37.54 41.45 43.16 35618     0 0.522
  3 28 28 37.54 41.45 43.16 63944 0.00 0.00 0.00     0 37.54 41.45 43.16 35618     0 0.522
  3 28 28 37.54 41.45 43.16 63824 0.00 0.00 0.00     0 37.54 41.45 43.16 35549     0 0.526
  3 28 28 37.54 41.45 43.16 63824 0.00 0.00 0.00     0 37.54 41.45 43.16 35549     0 0.521
  5 28 28 42.08 43.58 44.79 99120 0.00 0.00 0.00     0 42.08 43.58 44.79 34952     0 2.236
  5 28 28 42.08 43.58 44.79 99192 0.00 0.00 0.00     0 42.08 43.58 44.79 34980     0 2.398
  5 28 28 42.08 43.58 44.79 99120 0.00 0.00 0.00     0 42.08 43.58 44.79 34952     0 2.228
  5 28 28 42.09 43.58 44.79 99768 0.00 0.00 0.00     0 42.09 43.58 44.79 35185     0 2.062
  5 28 28 40.80 43.70 43.93 480384 0.00 0.00 0.00     0 40.80 43.70 43.93 173041     0 3.472
  5 28 28 40.84 43.70 43.93 472360 0.00 0.00 0.00     0 40.84 43.70 43.93 170248     0 3.875
  5 28 28 40.85 43.70 43.93 471864 0.00 0.00 0.00     0 40.85 43.70 43.93 170088     0 4.167
  5 28 28 40.82 43.70 43.93 477792 0.00 0.00 0.00     0 40.82 43.70 43.93 172137     0 4.073
  5 28 28 43.71 43.39 44.69 273072 0.00 0.00 0.00     0 43.71 43.39 44.69 98217     0 3.196
  5 28 28 43.69 43.39 44.69 279352 0.00 0.00 0.00     0 43.69 43.39 44.69 100382     0 2.755
  5 28 28 43.78 46.28 46.18 167976 0.00 0.00 0.00     0 43.78 46.28 46.18 61102     0 2.407
  5 28 28 43.79 46.28 46.18 164968 0.00 0.00 0.00     0 43.79 46.28 46.18 59942     0 2.741
  5 28 28 40.85 43.70 43.93 471864 0.00 0.00 0.00     0 40.85 43.70 43.93 170088     0 4.188
  5 28 28 40.80 43.70 43.93 480384 0.00 0.00 0.00     0 40.80 43.70 43.93 173041     0 3.474
  5 28 28 42.09 43.58 44.79 99768 0.00 0.00 0.00     0 42.09 43.58 44.79 35185     0 2.066
  5 28 28 42.08 43.58 44.79 99192 0.00 0.00 0.00     0 42.08 43.58 44.79 34980     0 2.398
  3 28 28 37.55 41.45 43.16 63608 0.00 0.00 0.00     0 37.55 41.45 43.16 35400     0 0.565
  3 28 28 37.56 41.45 43.16 64344 0.00 0.00 0.00     0 37.56 41.45 43.16 35805     0 0.484
  3 22 28 42.09 44.52 46.33 115416 0.00 0.00 0.00     0 42.09 44.52 46.33 64368     0 0.676
  3 28 28 37.56 41.45 43.16 64344 0.00 0.00 0.00     0 37.56 41.45 43.16 35805     0 0.483
  3 32 28 34.59 40.15 41.63 42496 0.00 0.00 0.00     0 34.59 40.15 41.63 23626     0 0.386
  3 38 28 30.43 38.36 39.19 22944 0.00 0.00 0.00     0 30.43 38.36 39.19 12736     0 0.289
  3 38 28 30.50 38.36 39.19 23064 0.00 0.00 0.00     0 30.50 38.36 39.19 12816     0 0.334
  3 32 28 34.62 40.15 41.63 42576 0.00 0.00 0.00     0 34.62 40.15 41.63 23706     0 0.447
  3 28 28 37.55 41.45 43.16 63608 0.00 0.00 0.00     0 37.55 41.45 43.16 35400     0 0.567
  3 22 28 42.11 44.52 46.33 114552 0.00 0.00 0.00     0 42.11 44.52 46.33 63856     0 0.791
  3 18 28 45.33 46.61 48.25 160896 0.00 0.00 0.00     0 45.33 46.61 48.25 89616     0 0.963
  3 18 28 45.31 46.61 48.25 162192 0.00 0.00 0.00     0 45.31 46.61 48.25 90322     0 0.825
  3 18 28 46.67 48.02 48.00 946912 0.00 0.00 0.00     0 46.67 48.02 48.00 527088     0 6.196
  3 22 28 44.19 46.34 46.35 608976 0.00 0.00 0.00     0 44.19 46.34 46.35 339504     0 4.899
  3 28 28 40.81 43.73 43.98 293520 0.00 0.00 0.00     0 40.81 43.73 43.98 163826     0 3.474
  3 32 28 38.54 42.46 42.97 183144 0.00 0.00 0.00     0 38.54 42.46 42.97 102381     0 2.908
  3 38 28 35.02 40.30 41.18 94984 0.00 0.00 0.00     0 35.02 40.30 41.18 52850     0 2.380
  3 18 28 46.74 48.02 48.00 932512 0.00 0.00 0.00     0 46.74 48.02 48.00 519149     0 7.410
  3 22 28 44.24 46.34 46.35 597792 0.00 0.00 0.00     0 44.24 46.34 46.35 333317     0 5.921
  3 28 28 40.86 43.73 43.98 287648 0.00 0.00 0.00     0 40.86 43.73 43.98 160669     0 4.201
  3 32 28 38.56 42.46 42.97 176576 0.00 0.00 0.00     0 38.56 42.46 42.97 98594     0 3.488
  3 38 28 35.06 40.30 41.18 91080 0.00 0.00 0.00     0 35.06 40.30 41.18 51008     0 2.824
  3 38 28 35.06 40.30 41.18 91080 0.00 0.00 0.00     0 35.06 40.30 41.18 51008     0 2.823
  3 18 28 45.33 46.61 48.25 160896 0.00 0.00 0.00     0 45.33 46.61 48.25 89616     0 0.967
  3 18 28 45.31 46.61 48.25 162192 0.00 0.00 0.00     0 45.31 46.61 48.25 90322     0 0.825
  3 18 28 45.31 46.61 48.25 162192 0.00 0.00 0.00     0 45.31 46.61 48.25 90322     0 4.825
  3 18 28 45.31 46.61 48.25 162192 0.00 0.00 0.00     0 45.31 46.61 48.25 90322     0 0.833
  3 18 28 45.31 46.61 48.25 162192 0.00 0.00 0.00     0 45.31 46.61 48.25 90322     0 0.830
  3 18 28 45.33 46.61 48.25 160896 0.00 0.00 0.00     0 45.33 46.61 48.25 89616     0 0.976
  3 18 28 45.33 46.61 48.25 160896 0.00 0.00 0.00     0 45.33 46.61 48.25 89616     0 0.967
  3 18 28 45.21 46.61 48.25 176992 0.00 0.00 0.00     0 45.21 46.61 48.25 98602     0 0.650
  3 22 28 42.01 44.52 46.33 127896 0.00 0.00 0.00     0 42.01 44.52 46.33 71178     0 0.534
  3 22 28 42.09 44.52 46.33 115416 0.00 0.00 0.00     0 42.09 44.52 46.33 64368     0 0.683
  3 22 28 42.09 44.52 46.33 115416 0.00 0.00 0.00     0 42.09 44.52 46.33 64368     0 0.685
  3 22 28 42.09 44.52 46.33 115416 0.00 0.00 0.00     0 42.09 44.52 46.33 64368     0 0.949
  3 22 28 42.09 44.52 46.33 115416 0.00 0.00 0.00     0 42.09 44.52 46.33 64368     0 0.925
  1 22 28 41.88 44.45 46.38 37728 0.00 0.00 0.00     0 41.88 44.45 46.38 37728     0 0.913
  1 22 28 41.88 44.45 46.38 37728 0.00 0.00 0.00     0 41.88 44.45 46.38 37728     0 0.917
  1 22 28 41.88 44.45 46.38 37728 0.00 0.00 0.00     0 41.88 44.45 46.38 37728     0 1.044
  1 22 28 41.88 44.45 46.38 37728 0.00 0.00 0.00     0 41.88 44.45 46.38 37728     0 1.054
  3 22 28 42.09 44.52 46.33 115416 0.00 0.00 0.00     0 42.09 44.52 46.33 64368     0 0.922
  3 22 28 42.09 44.52 46.33 115416 0.00 0.00 0.00     0 42.09 44.52 46.33 64368     0 1.019
  3 28 28 42.11 43.45 44.74 64512 0.00 0.00 0.00     0 42.11 43.45 44.74 35138     0 4.392
  3 28 28 44.11 46.47 46.49 92784 0.00 0.00 0.00     0 44.11 46.47 46.49 51709     0 4.607
  3 28 28 37.56 41.45 43.16 64344 0.00 0.00 0.00     0 37.56 41.45 43.16 35805     0 0.803
  3 28 28 37.56 41.45 43.16 64344 0.00 0.00 0.00     0 37.56 41.45 43.16 35805     0 0.812
  3 28 28 37.57 41.45 43.16 72872 0.00 0.00 0.00     0 37.57 41.45 43.16 40504     0 0.650
  3 22 28 42.09 44.52 46.33 115416 0.00 0.00 0.00     0 42.09 44.52 46.33 64368     0 0.921
  3 22 28 42.09 44.52 46.33 115416 0.00 0.00 0.00     0 42.09 44.52 46.33 64368     0 0.906
  3 28 28 43.76 43.32 44.62 166152 0.00 0.00 0.00     0 43.76 43.32 44.62 91837     0 4.716
  3 28 28 43.76 43.32 44.62 166152 0.00 0.00 0.00     0 43.76 43.32 44.62 91837     0 4.692
  3 28 28 43.76 43.32 44.62 166152 0.00 0.00 0.00     0 43.76 43.32 44.62 91837     0 4.728
  3 28 28 43.76 43.32 44.62 166152 0.00 0.00 0.00     0 43.76 43.32 44.62 91837     0 4.726
  3 28 28 40.81 43.73 43.98 293520 0.00 0.00 0.00     0 40.81 43.73 43.98 163826     0 5.720
  1 28 28 39.24 42.17 42.29 150288 0.00 0.00 0.00     0 39.24 42.17 42.29 150288     0 7.326
  1 28 28 40.78 43.68 43.95 95560 0.00 0.00 0.00     0 40.78 43.68 43.95 95560     0 6.311
  1 28 28 37.46 41.48 43.24 21272 0.00 0.00 0.00     0 37.46 41.48 43.24 21272     0 0.729
  1 28 28 37.46 41.48 43.24 21272 0.00 0.00 0.00     0 37.46 41.48 43.24 21272     0 0.593
  3 28 28 37.56 41.45 43.16 64344 0.00 0.00 0.00     0 37.56 41.45 43.16 35805     0 0.602
  3 28 28 37.56 41.45 43.16 64344 0.00 0.00 0.00     0 37.56 41.45 43.16 35805     0 0.728
  3 28 28 37.57 41.45 43.16 72872 0.00 0.00 0.00     0 37.57 41.45 43.16 40504     0 0.564
  3 28 28 37.56 41.45 43.16 64344 0.00 0.00 0.00     0 37.56 41.45 43.16 35805     0 0.749
  3 28 28 37.55 41.45 43.16 63608 0.00 0.00 0.00     0 37.55 41.45 43.16 35400     0 0.798
  3 28 28 37.56 41.45 43.16 64344 0.00 0.00 0.00     0 37.56 41.45 43.16 35805     0 0.614
  3 28 28 37.56 41.45 43.16 64344 0.00 0.00 0.00     0 37.56 41.45 43.16 35805     0 0.621
  3 28 28 37.56 41.45 43.16 64344 0.00 0.00 0.00     0 37.56 41.45 43.16 35805     0 0.616
  3 28 28 37.56 41.45 43.16 64344 0.00 0.00 0.00     0 37.56 41.45 43.16 35805     0 0.759
  3 28 28 37.56 41.45 43.16 64344 0.00 0.00 0.00     0 37.56 41.45 43.16 35805     0 0.715
  3 28 28 37.56 41.45 43.16 64344 0.00 0.00 0.00     0 37.56 41.45 43.16 35805     0 0.601
  3 28 28 37.56 41.45 43.16 64344 0.00 0.00 0.00     0 37.56 41.45 43.16 35805     0 0.718
  3 28 28 37.56 41.45 43.16 64344 0.00 0.00 0.00     0 37.56 41.45 43.16 35805     0 0.749
 20 28 28 40.73 43.09 43.17 1729440 0.00 0.00 0.00     0 40.73 43.09 43.17 168166     0 4.989
 20 28 28 41.71 43.61 44.50 403104 0.00 0.00 0.00     0 41.71 43.61 44.50 39130     0 3.593
 20 28 28 42.30 43.38 44.34 1130232 0.00 0.00 0.00     0 42.30 43.38 44.34 110183     0 4.310
 10 28 28 43.14 45.64 45.44 395168 0.00 0.00 0.00     0 43.14 45.64 45.44 75989     0 4.230
 10 28 28 41.20 43.41 44.64 781432 0.00 0.00 0.00     0 41.20 43.41 44.64 150992     0 4.959
 15 28 28 40.76 43.05 44.02 1335464 0.00 0.00 0.00     0 40.76 43.05 44.02 174532     0 4.546
 15 28 28 40.76 43.05 44.02 1335464 0.00 0.00 0.00     0 40.76 43.05 44.02 174532     0 4.561
 15 28 28 40.76 43.05 44.02 1335464 0.00 0.00 0.00     0 40.76 43.05 44.02 174532     0 4.858
 15 28 28 40.76 43.05 44.02 1335464 0.00 0.00 0.00     0 40.76 43.05 44.02 174532     0 3.336
 15 28 28 40.82 43.05 44.02 1473616 0.00 0.00 0.00     0 40.82 43.05 44.02 192590     0 2.930
 15 28 28 40.76 43.05 44.02 1335464 0.00 0.00 0.00     0 40.76 43.05 44.02 174532     0 4.811
 15 28 28 40.76 43.05 44.02 1352536 0.00 0.00 0.00     0 40.76 43.05 44.02 176741     0 3.458
 15 28 28 40.76 43.05 44.02 1352536 0.00 0.00 0.00     0 40.76 43.05 44.02 176741     0 3.450
 15 28 28 40.76 43.05 44.02 1352536 0.00 0.00 0.00     0 40.76 43.05 44.02 176741     0 3.488
 15 28 28 40.79 43.05 44.02 1379928 0.00 0.00 0.00     0 40.79 43.05 44.02 180323     0 3.160
  3 28 28 37.60 41.45 43.16 66400 0.00 0.00 0.00     0 37.60 41.45 43.16 36946     0 0.446
  3 28 28 37.60 41.45 43.16 66400 0.00 0.00 0.00     0 37.60 41.45 43.16 36946     0 0.736
  3 28 28 37.55 41.45 43.16 65680 0.00 0.00 0.00     0 37.55 41.45 43.16 36509     0 0.747
  3 28 28 37.55 41.45 43.16 66560 0.00 0.00 0.00     0 37.55 41.45 43.16 37066     0 0.734
  3 28 28 37.54 41.45 43.16 66616 0.00 0.00 0.00     0 37.54 41.45 43.16 37064     0 0.802
  3 28 28 37.55 41.45 43.16 65816 0.00 0.00 0.00     0 37.55 41.45 43.16 36605     0 1.234
  3 28 28 37.55 41.45 43.16 65816 0.00 0.00 0.00     0 37.55 41.45 43.16 36605     0 0.750
  3 28 28 37.55 41.45 43.16 65816 0.00 0.00 0.00     0 37.55 41.45 43.16 36605     0 0.742
  3 28 28 37.57 41.45 43.16 67320 0.00 0.00 0.00     0 37.57 41.45 43.16 37496     0 0.732
  3 28 28 37.57 41.45 43.16 67320 0.00 0.00 0.00     0 37.57 41.45 43.16 37496     0 0.712
  3 28 28 40.81 43.73 43.98 304352 0.00 0.00 0.00     0 40.81 43.73 43.98 169858     0 5.446
 20 28 28 40.72 43.09 43.17 1763224 0.00 0.00 0.00     0 40.72 43.09 43.17 171366     0 4.455
  3 28 28 37.57 41.45 43.16 67320 0.00 0.00 0.00     0 37.57 41.45 43.16 37496     0 0.427
  3 28 28 37.57 41.45 43.16 67320 0.00 0.00 0.00     0 37.57 41.45 43.16 37496     0 0.428
  3 22 28 42.02 44.52 46.33 117336 0.00 0.00 0.00     0 42.02 44.52 46.33 65442     0 0.601
  3 32 28 34.60 40.15 41.63 46104 0.00 0.00 0.00     0 34.60 40.15 41.63 25770     0 0.338
  3 38 28 30.49 38.36 39.19 25784 0.00 0.00 0.00     0 30.49 38.36 39.19 14381     0 0.254
  3 18 28 45.24 46.61 48.25 164880 0.00 0.00 0.00     0 45.24 46.61 48.25 91874     0 0.736
  3 18 28 45.31 46.61 48.25 162192 0.00 0.00 0.00     0 45.31 46.61 48.25 90322     0 0.830
  3 22 28 42.09 44.52 46.33 115416 0.00 0.00 0.00     0 42.09 44.52 46.33 64368     0 0.677
  3 28 28 37.56 41.45 43.16 64344 0.00 0.00 0.00     0 37.56 41.45 43.16 35805     0 0.484
  3 32 28 34.59 40.15 41.63 42496 0.00 0.00 0.00     0 34.59 40.15 41.63 23626     0 0.385
  3 38 28 30.43 38.36 39.19 22944 0.00 0.00 0.00     0 30.43 38.36 39.19 12736     0 0.289
  3 28 28 42.11 43.45 44.74 64512 0.00 0.00 0.00     0 42.11 43.45 44.74 35138     0 2.100
  3 28 28 40.81 43.73 43.98 293520 0.00 0.00 0.00     0 40.81 43.73 43.98 163826     0 3.479
  3 28 28 43.76 43.32 44.62 166152 0.00 0.00 0.00     0 43.76 43.32 44.62 91837     0 2.670
  3 28 28 42.42 44.25 45.80 171840 0.00 0.00 0.00     0 42.42 44.25 45.80 96912     0 2.808
  3 28 28 42.13 43.45 44.74 65712 0.00 0.00 0.00     0 42.13 43.45 44.74 35816     0 1.732
  3 28 28 42.13 43.45 44.74 65712 0.00 0.00 0.00     0 42.13 43.45 44.74 35816     0 1.731
  3 28 28 40.81 43.73 43.98 304352 0.00 0.00 0.00     0 40.81 43.73 43.98 169858     0 2.910
  3 28 28 43.75 43.32 44.62 170016 0.00 0.00 0.00     0 43.75 43.32 44.62 93970     0 2.207
  3 28 28 42.45 44.25 45.80 178944 0.00 0.00 0.00     0 42.45 44.25 45.80 100773     0 2.372
  3 28 28 37.57 41.45 43.16 67320 0.00 0.00 0.00     0 37.57 41.45 43.16 37496     0 0.427
  3 28 28 37.57 41.45 43.16 67320 0.00 0.00 0.00     0 37.57 41.45 43.16 37496     0 0.429
  3 28 28 37.57 41.45 43.16 67320 0.00 0.00 0.00     0 37.57 41.45 43.16 37496     0 0.968
  3 28 28 37.56 41.45 43.16 64344 0.00 0.00 0.00     0 37.56 41.45 43.16 35805     0 1.076
  3 28 28 37.56 41.45 43.16 64344 0.00 0.00 0.00     0 37.56 41.45 43.16 35805     0 0.483
